# Data from Jacquier, H.; Birgy, A.; Nagard, H. L.; Mechulam, Y.; Schmitt, E.; Glodt, J.; Bercot, B.; Petit, E.; Poulain, J.; Barnaud, G.; Gros, P.-A.; Tenaillon, O. Capturing the Mutational Landscape of the β-lactamase TEM-1. Proc. Natl. Acad. Sci. 2013, 110, 13067-13072
# y represents the experimental measure "MIC_score"
# dE is the difference in statistical energy between the variant and the wild type (EVmutation)
variant;y;dE
H24Q;-1.0;-3.1637781286226527
H24P;-3.321928;-3.1266976973165583
H24R;-0.25;-2.7854349086301227
H24Y;-1.0;-5.316182801656397
H24L;-0.5;-4.269889493723895
P25Q;0.0;-1.4937363712342633
P25S;0.0;-2.0686437211115845
P25R;0.0;-3.150804113567574
P25L;-0.166666667;-3.9312648215563972
P25T;0.0;-2.828816193368766
E26K;0.0;-2.0265470890299184
E26G;-1.0;-2.419021881345543
E26V;0.0;-2.2936186454317067
T27A;0.0;-3.265610376664881
T27K;-2.321928;-6.443509178847308
T27M;-1.0;-5.4967346161283785
T27P;-2.321928;-3.9099968129885374
T27S;-1.0;-5.477647895440897
T27R;-2.321928;-6.300344077091722
L28Q;0.0;-3.630549345623877
L28P;-2.101606667;-4.670278797784704
L28M;0.0;-5.725569062467003
V29M;0.0;-2.9075939054382616
V29E;-0.5;0.24049660487435176
K30I;-0.386988;-4.203115359960067
K30R;0.0;-3.1875526138701384
K30E;-1.0;-3.29757963357406
K30T;1.0;-1.8547146002601949
K30N;-2.321928;-3.900393060097485
V31A;0.0;-3.3832059891356034
V31I;-0.333333333;-1.6937000102479942
V31L;0.0;-2.8568516048180754
K32E;-0.5;-3.401850243317313
K32I;0.0;-4.48972564106225
K32N;0.0;-5.520238647644874
K32Q;0.0;-2.6135103697597515
K32R;-0.333333333;-2.762964837034815
K32T;0.0;-3.371321571961744
D33A;-1.0;-1.7864246753742918
D33V;0.0;-4.0247184289764855
D33G;-1.0;-3.3349354654565104
D33N;0.0;-3.2342103585397126
A34P;-4.821928;-6.509764288927273
A34V;0.0;-1.2635394461831309
A34D;-5.321928;-6.06907370489762
A34G;-1.0;-5.9077355410518075
A34T;-1.0643856000000005;-2.931442533491463
E35K;-3.321928;-6.726521402483286
E35D;-2.160964;-6.3743474949387755
E35G;-1.0;-6.1420243292232035
E35V;-2.321928;-5.925943386533617
D36A;0.0;-1.0008560217684137
D36V;0.0;-3.3981157984890165
D36E;0.0;-1.7354061751284462
D36N;0.0;-2.3343205384589965
Q37H;0.5;-4.045062497883919
Q37K;0.333333333;-1.6495415964454878
Q37R;0.0;-0.6588005123103358
Q37L;0.0;-3.951486616982948
L38S;-1.0;-4.433634452390834
L38M;1.0;-7.678477569093957
L38W;0.0;-7.791612407801948
L38F;-1.0;-5.217294109184877
G39A;1.0;-1.8939174512343016
G39C;-0.5;-5.610212941079227
G39R;0.0;-1.5303695768670875
G39S;0.0;-1.4994052290421678
G39D;0.0;-0.8692513103887904
A40T;-0.2;-4.3594289030806985
A40V;-2.321928;-4.199004050926305
R41Q;0.0;-5.7637765756262525
R41L;-1.0;-5.7353072505484315
V42A;-1.0;-5.607408357749591
V42E;-5.321928;-12.59539162116441
V42L;0.25;-5.5560665966622755
V42G;-5.321928;-8.342471292191476
G43A;-0.666666667;-6.36785842764948
G43C;-3.321928;-6.890236309025568
G43S;-1.0;-6.489144548279
G43D;-5.321928;-9.074127208512095
Y44H;-3.321928;-11.587501903864677
Y44C;-5.321928;-7.325321657655878
Y44N;-2.660964;-10.083442317561094
Y44F;0.0;-4.287513682094868
I45V;0.0;-0.5120588281733944
I45N;-4.321928;-5.189394883120258
I45M;0.0;-3.2908591497616726
I45T;0.0;-0.9289467636681366
I45F;0.0;-2.25291697098146
E46K;0.333333333;-8.114555270458366
E46D;-0.75;-7.917775104382598
E46G;-2.321928;-5.781655477712776
E46V;-0.333333333;-3.5829947639140296
L47Q;-0.5;-4.592350161743525
L47P;-5.321928;-7.4356154600500295
L47M;0.0;-3.670871803311457
L47V;0.0;-3.1093596213395363
D48V;-1.991446;-6.8411420250886295
D48E;0.0;-4.606119140620648
D48G;-1.0;-5.693717433219717
D48N;-1.0;-3.341955762334692
L49I;0.0;-4.764506400213577
L49H;-2.321928;-6.3287031569634555
L49R;-3.321928;-5.635880968398851
L49P;-2.321928;-4.719531385671871
L49F;0.0;-4.259923546422215
N50S;0.0;-0.32135522806493105
N50K;0.0;-2.54177051204897
N50D;0.5;-2.6235902868502308
N50T;0.0;-1.2863272305257851
S51I;-1.160964;-7.798176326499743
S51C;-2.321928;-8.23420574571901
S51R;-0.5;-5.600232589056759
S51T;0.0;-2.342597340464636
S51N;-0.14285714300000002;-3.8195735862555016
G52A;-0.5;-4.501770587146893
G52C;-2.214618667;-7.679039125041528
G52S;-0.5;-4.188003995859617
G52D;-1.0;-3.5549271446398047
K53M;0.0;-4.54736320075483
K53R;0.0;-1.88014378221726
K53E;1.0;-3.829411350131181
I54V;0.333333333;-2.4146483151662324
I54N;-1.370723;-3.882687323183745
I54T;0.25;-1.67183046973787
I54F;0.0;-4.081113346503116
L55I;0.25;-2.8029381947999354
L55H;-1.660964;-5.207158925895783
L55P;-5.321928;-6.853923513856215
S57I;0.0;-6.37598517400329
S57R;0.0;-4.539699045053567
S57G;0.0;-2.315180933685042
S57N;0.0;-4.0858187529520364
F58I;-1.0;-3.1599926835701813
F58C;0.0;-3.7805116030726813
F58S;0.0;-3.143177697442752
F58L;-0.25;-2.656257223069133
F58V;0.0;-2.437138620640781
R59H;-0.28571428600000004;-5.256586525509191
R59C;-3.655261333;-8.853894639891223
R59L;-3.321928;-7.211541976124862
R59P;-5.321928;-12.601381573730805
P60A;0.0;-0.088857870985521
P60H;0.333333333;-4.037414890954096
P60L;-0.5;-2.108554307040322
P60S;0.0;-0.3765096628976608
P60R;0.0;-4.099304913339438
P60T;0.0;-3.153992270352319
E61A;0.0;-3.1183804157062696
E61K;0.0;-3.3423540021340163
E61D;0.0;0.2359066013395932
E61G;0.0;-2.501266746696274
E61V;0.0;-5.718414307080367
E62D;0.0;-3.604363582293445
E62G;-1.0;-5.198859927259036
R63C;-1.607309333;-6.411542842359268
R63L;0.0;-4.392310572933639
F64C;-5.321928;-8.149095454209599
F64I;-4.821928;-6.534767942532199
F64L;-4.821928;-6.0802653341088435
F64S;-5.321928;-7.8109015358677425
F64V;-2.821928;-5.490568222754519
F64Y;-0.666666667;-5.144762559590164
P65Q;-4.321928;-8.940484832804941
P65S;-2.741446;-7.2483070288362805
P65L;-4.321928;-5.5157227013332895
M66I;0.0;-4.780770954792388
M66K;-5.321928;-11.203130934541605
M66L;-0.331704;-2.918299780903908
M66R;-5.321928;-11.435281747934823
M66T;-1.5287712;-5.083309049980016
M66V;0.0;-4.338271047141461
M67I;-0.666666667;-7.939824525550648
M67K;-5.321928;-10.916916577026312
M67V;-1.0;-6.164783924763468
M67L;-2.321928;-4.309651501473127
M67T;-0.5;-4.963355600655632
S68I;-5.321928;-9.865349306993268
S68C;-5.321928;-7.239460156014503
S68G;-5.321928;-6.6810899696347406
S68N;-5.321928;-7.953968474461818
T69A;-4.321928;-6.713915706350236
T69I;-2.821928;-8.08881896721141
T69S;-1.214618667;-6.289241264399608
T69N;-5.321928;-10.008479327025269
F70I;-1.0;-4.694357875285277
F70Y;-4.321928;-4.245319993526209
F70S;0.0;-5.22209769039182
F70L;-1.5287712;-6.1034518682427015
F70V;-0.666666667;-4.4436282780661704
K71I;-5.321928;-11.850050648060405
K71R;-4.821928;-7.767340267548207
K71T;-5.321928;-7.520751837188072
K71N;-5.321928;-11.770075367519098
V72A;0.0;-3.1007444818096697
V72I;0.0;-6.015748386750887
V72D;-5.321928;-12.021114306589196
V72G;-3.321928;-6.261893479848367
L73Q;-1.0;-6.445482348404767
L73P;-1.0;-2.6584959056053776
L74I;-0.75;-5.205192909688776
L74P;-5.321928;-9.164444060763344
L74Q;-4.321928;-7.701868261327037
C75Y;-5.321928;-10.396928269938146
C75S;-1.330482;-6.343755237998266
C75R;-5.321928;-13.199495496565135
G76A;-4.321928;-2.485923909931444
G76C;-1.0;-8.032119993426022
G76S;-0.5;-4.527056564067606
G76D;-5.321928;-9.622267286659053
G76V;-2.321928;-7.3090629377402365
A77P;-5.321928;-7.978850629560839
A77E;-2.321928;-5.411230092378902
A77T;0.0;-4.5727216970462905
A77G;-1.0;-4.318767751310588
A77V;0.0;-3.3719581067398394
V78A;-1.410964;-4.38778019673191
V78I;0.0;-2.75862961797975
V78L;-0.5;-2.959235174130299
L79I;-2.321928;-7.798050197996418
L79F;-3.321928;-7.2077917488531975
S80Y;0.0;-5.748144022825728
S80P;-5.321928;-9.963368146522043
S80T;0.333333333;-4.689178733196059
R81S;0.0;-7.133654366771225
R81H;-0.610160667;-7.089605303714053
R81C;-1.5287712;-8.837536644670761
R81L;0.0;-6.151818193888174
R81P;-4.321928;-12.752711411265864
V82A;-1.0;-2.5333211382239824
V82I;0.0;-2.3239911079144804
V82D;-3.321928;-5.844840047866455
V82G;-2.321928;-5.393133187499188
V82L;-2.321928;-4.796516489906934
D83V;-3.821928;-6.9432611502343216
D83G;-2.321928;-7.284595340388478
D83N;-2.321928;-7.630002274803702
A84P;-3.321928;-7.132243235660553
A84S;0.0;-2.9983139849337017
A84V;0.166666667;-5.128107353411451
A84D;0.0;-5.622251607819179
A84T;0.0;-4.522503944673645
G85R;-0.333333333;-5.0382862741389545
G85E;-0.333333333;-5.072285528591691
G85W;-1.660964;-9.102831231801247
G85V;-1.881285333;-7.196684911115881
Q86H;0.0;-4.413457363556064
Q86K;0.5;-1.907409076276508
Q86E;-1.0;-2.299277098878065
E87A;-1.0;-5.934446085971218
E87K;-4.321928;-6.229439404512958
E87D;0.0;-2.952499673137936
E87V;-0.25;-5.602150313603488
Q88H;-0.25;-4.033176730314153
Q88R;0.0;-3.697804731171345
Q88L;-0.4643856;-5.3307914755278025
L89I;-1.0;-6.570251433964586
L89H;-2.721928;-8.586648648582923
L89P;-1.0;-4.761467782234831
L89F;-1.330482;-5.986567069274316
G90A;0.0;-1.5447371218542685
G90C;-1.7739759999999998;-6.493664903580793
G90R;0.0;-4.552448252819887
G90S;-0.4;-2.4441773951621144
G90D;0.333333333;0.6521007666087826
R91S;-1.0;-5.8649949413256754
R91H;0.0;-5.362094695833548
R91C;-3.321928;-10.315581585397922
R91L;-2.321928;-7.118353058921458
R92S;-1.0;-4.396997600604664
R92H;-0.428571429;-4.7657691392287225
R92C;-1.0;-7.655165725569532
R92L;0.2;-4.527344350324711
R92G;-2.321928;-6.031377352475829
I93K;-2.821928;-7.633624856141977
I93M;0.0;-6.051017785266595
I93L;0.0;-3.1083361646306003
I93V;0.333333333;-3.287919832150692
H94Q;0.0;-2.03027051481331
H94Y;0.0;-4.31251298542702
H94R;0.0;-1.6160923550341977
H94D;-1.0;-4.635727196800872
H94L;0.0;-2.7578076629374664
Y95H;-2.821928;-9.290222703722977
Y95C;-2.321928;-8.588563571142004
Y95N;-5.321928;-11.270177740452368
S96P;0.0;-4.57231835515995
Q97H;0.0;-6.136477652522443
Q97R;0.25;-2.9675316311549977
Q97L;-1.107309333;-6.333939987445773
Q97P;0.0;-3.276561844664683
N98Y;0.0;-5.445897553385294
N98S;0.0;-1.037430496282468
N98D;0.0;-2.3174439360227552
D99V;-0.5;-6.266081139001472
D99E;0.0;-3.5121232424498885
D99G;-2.321928;-6.713499978039181
D99N;0.0;-5.510193556059675
L100S;-2.321928;-9.326280136800053
L100V;0.0;-5.954841638886138
L100M;0.0;-6.300980863205041
L100F;0.0;-6.664560995125612
V101A;-0.833333333;-3.8566657650953857
V101D;-1.0;-2.6899869075859897
V101G;-5.321928;-4.413317342859955
V101L;-0.5;-2.1470442716963594
E102K;-0.666666667;-3.694080620334717
E102D;0.0;-2.555177987247589
E102G;-0.5;-4.884060271779163
E102V;0.333333333;-4.499030726638012
Y103H;-0.666666667;-4.018127343417291
S104P;-4.988594667;-8.549643642892535
S104L;-5.321928;-9.317245460639242
S104T;-2.321928;-7.212695655049174
P105A;-2.321928;-6.880435491992103
P105Q;-2.821928;-7.117307007261842
P105S;-2.6552613330000003;-6.738313217181712
P105R;-2.321928;-7.660468156640036
P105L;-1.440642667;-8.221182744717225
V106A;-0.660964;-6.2329461353074285
V106D;-1.0;-7.814798239283847
V106G;-2.321928;-6.929474311094964
V106F;-1.0;-6.639849870465696
V106I;0.25;-3.3230302135489183
V106L;0.0;-4.872964658505224
T107A;-0.333333333;-4.557130772420352
T107I;-1.440642667;-5.140530325443251
T107S;-0.333333333;-4.0910842943703765
E108K;0.0;-2.4924822399771074
E108D;0.0;-4.835067341060494
K109Q;0.0;-2.8093487498190375
K109M;0.0;-6.901682000025176
K109R;0.0;-4.0453073639801005
K109E;-0.5;-3.9729679757001577
K109N;0.0;-4.466693146066973
H110Q;-1.0;-4.424653410402243
H110Y;0.0;-4.123433973336431
H110R;-0.5;-3.2523764725119686
H110D;-2.321928;-6.097532719039009
L111I;0.0;-2.6179692014848115
L111H;-0.333333333;-7.623680237576991
L111P;-0.5;-5.970317256709678
L111F;0.0;-6.371904182640718
T112S;0.0;-2.449263089678425
T112R;0.0;-4.093895536017953
T112M;0.0;-6.90135505977014
D113E;-0.2;-3.2079888439241135
D113G;0.0;-5.432620665611466
D113V;-0.333333333;-5.8924691538377365
G114A;0.0;-5.2339908254216425
G114S;-1.660964;-5.39709723418855
G114D;-3.321928;-5.362961122176785
G114V;-2.321928;-8.023244809504831
M115K;-2.988594667;-8.41599701281666
M115V;-1.0;-5.161790125872359
M115L;-1.0;-3.811324398280704
M115T;-1.0;-6.5104846344693215
T116A;-0.666666667;-4.330990212745746
T116I;-1.0;-6.6487082916355575
T116S;0.0;-3.31999755842844
T116R;-1.660964;-5.077045493540937
V117I;0.0;-3.4461321117269113
V117E;-5.321928;-11.708176196048953
V117L;0.0;-2.8621705894001934
R118I;0.0;-5.635819245278982
R118S;0.0;-1.0202220738392498
R118G;0.0;0.3197251676647284
E119K;-2.321928;-5.585515288301394
E119D;0.0;-4.035167493428163
E119G;-1.0;-5.445820783133968
L120S;-3.821928;-8.807818935703835
L120F;-2.321928;-7.797269151313231
C121Y;-5.321928;-10.201906948976102
C121S;-2.821928;-6.0585217854822995
C121R;-5.321928;-12.093788293152786
C121W;-5.321928;-13.57551818233634
S122I;0.0;-5.517441578197577
S122C;-0.666666667;-7.1608146059516
S122R;0.0;-3.540360808117839
S122G;0.0;-4.4466790157021014
S122N;-0.25;-3.8157680383737898
A123S;-1.0;-7.23675848642597
A123V;-1.045989714;-6.832557984831509
A123D;-4.321928;-8.513151759208995
A123G;-1.0;-6.322194178763312
A123T;-2.321928;-7.148734120070003
A124P;-5.321928;-8.99889975583119
A124S;0.0;-4.384351139745377
A124V;-0.5;-6.048877639000239
A124D;-5.321928;-11.598348650282789
A124T;-0.25;-2.7661837599653154
I125K;-5.321928;-11.970383448704185
I125V;0.0;-3.3136850080336444
I125M;0.0;-4.811578750850458
I125L;0.0;-3.1027682723361067
I125T;-2.321928;-5.601217271992936
T126A;-0.333333333;-4.7583642973331735
T126I;-0.333333333;-5.229220771310793
T126S;-0.75;-4.453271574006067
T126P;-4.321928;-11.772221100819705
T126N;-2.321928;-7.187900715391152
M127I;0.0;-5.1873665196908405
M127K;-0.333333333;-5.998547055496602
M127L;0.0;-3.6201455446862383
M127R;0.0;-6.079683676609419
M127T;-0.5;-4.384560303049511
M127V;0.5;-2.7016367778633144
S128I;-3.160964;-12.154824263671687
S128C;-5.321928;-10.897343061253876
S128R;-5.321928;-11.719706316778257
S128N;-5.321928;-7.139756251357994
D129H;-5.321928;-7.777188508865947
D129G;-5.321928;-7.6677603805437675
D129N;-5.321928;-7.177589048835215
N130I;-5.321928;-11.934468244842947
N130Y;-4.321928;-10.937788964426543
N130K;-5.321928;-9.22212835199025
N130S;-3.321928;-7.542832452178117
T131A;-1.160964;-4.728995252844469
T131I;-5.321928;-8.53931928572274
T131S;0.0;-4.211890632312134
T131N;-3.321928;-9.174782920628788
A132S;0.0;-6.412461726125913
A132E;-5.321928;-12.840513907715266
A132T;-5.321928;-7.1384153517283275
A132G;-2.321928;-6.525677937956061
A132V;-5.321928;-8.744303911174939
A133T;0.0;-4.5858290548057985
A133V;-3.821928;-4.9108604664652376
N134I;-4.321928;-7.339101054047376
N134S;-4.321928;-8.72006100255038
L135I;0.0;-4.697103082042304
L135S;-3.321928;-6.361918097929447
L135F;-2.321928;-4.964458473317792
L136H;-5.321928;-11.823256199740513
L136R;-5.321928;-11.806062181330422
L136P;-5.321928;-9.170364829281425
L137Q;-2.488594667;-7.814021242364787
L137P;-5.321928;-12.095940370802284
L137R;-5.321928;-8.301486009485188
L137M;0.0;-5.23192385166908
T138A;0.0;-3.2191865484783198
T138I;0.0;-6.992038201182367
T138K;0.0;-1.9462606854795013
T138R;0.0;-3.703568177661509
T139A;0.333333333;-1.2131642638269111
T139S;0.0;-2.099863468334661
T139M;-0.5;-5.078373474309045
I140V;0.0;-1.2538999006355878
I140N;-2.6552613330000003;-6.853275329849566
I140T;-1.660964;-5.018443811015459
I140F;-0.428571429;-4.186668637979892
G141R;-0.666666667;-6.6772370169564965
G141E;-1.0;-5.8030149898768295
G142A;-3.321928;-7.108997812330927
G142R;-3.321928;-6.555647744444285
G142V;-5.321928;-8.61479013820258
P143A;-1.0;-6.261115130437247
P143Q;-1.0;-8.552833100515272
P143S;-2.101606667;-6.547117665892984
P143L;-3.1552613330000003;-6.3079118853893315
K144M;-1.107309333;-5.7056000467455315
K144E;0.0;-2.6167820439914067
K144N;0.0;-4.5601001639261085
E145Q;-1.0;-4.745163783623866
E145K;0.0;-3.393788449058775
E145G;0.2;-1.1401209160749204
E145V;0.0;-4.801660155742867
L146Q;-3.321928;-8.586497410945412
L146P;-5.321928;-9.597861830789954
T147A;-0.75;-5.750581043452258
T147I;-1.0;-8.510384879875346
T147N;0.0;-4.935204533023351
A148T;0.25;-3.914962253691556
A148V;0.0;-5.731421464908634
F149I;-0.25;-5.614098436963276
F149Y;0.0;-3.624097153468199
F149S;-1.0;-6.419880260890012
F149L;-0.428571429;-4.836347788205046
F149V;-0.5;-6.6574144668958875
L150S;-1.0;-7.507384178461508
L150M;0.333333333;-3.6670854808180593
L150W;-1.0;-6.49287741236185
L150F;0.0;-4.860625457848073
H151Q;0.0;-1.3377847721012586
H151Y;0.0;-5.575635564705408
H151R;0.0;0.19759856468317594
H151L;-0.5;-2.8452303003605266
N152D;-0.5;-2.033338344146614
N152I;0.0;-5.120641680157861
N152H;0.0;-3.1121745281416224
N152K;-2.321928;-0.032073537149699405
N152S;0.333333333;-1.2132258500059834
N152Y;0.0;-6.212735818253349
M153I;0.333333333;-1.3435347700287819
M153K;-0.333333333;-4.9877135064962195
M153L;0.0;-1.3894735287613005
M153T;0.0;-0.8987008876574691
G154R;-1.0;-6.387112419758296
G154W;-3.321928;-11.680580626579967
G154V;-4.321928;-7.544604999905232
D155V;-5.321928;-7.124536045070273
D155E;-2.321928;-8.208585240179673
D155G;-5.321928;-8.144336871369887
D155N;-2.321928;-6.484800053003711
H156P;1.0;-1.4752376647447818
H156R;0.25;-1.8228611803060633
H156L;-0.5;-3.783351963415043
V157A;0.0;-4.464400400673185
V157I;0.0;-2.1382604776954395
V157E;0.0;-4.1623111039698415
V157L;0.0;-4.915550995623562
V157G;-1.0;-6.337736228819268
T158A;-1.0;-8.125541449562661
T158I;-3.321928;-7.611773037555394
T158S;0.333333333;-3.112438463722356
R159H;0.0;-5.081238906161161
R159C;-1.7931568;-9.040482797208824
R159L;-2.321928;-6.325008724892541
L160I;-0.5;-5.313758408373361
L160H;-0.5;-7.01192174071184
L160P;-1.0;-7.0445694905210985
L160F;-1.0;-5.8496456484135715
D161V;-1.991446;-6.344586528924992
D161E;-0.666666667;-6.177371173442224
D161G;-4.655261333;-8.499944773509924
D161N;-0.5;-6.694768915127496
R162H;-1.0;-6.7499638352292095
R162C;-1.660964;-10.23827942507421
R162S;-1.0;-6.948026245123402
W163R;-0.444444444;-3.45951838401379
W163G;-1.0;-5.281002976978925
E164K;-5.321928;-9.961822370794836
E164D;-5.321928;-8.744003480416723
E164G;-5.321928;-8.488112610832104
E164V;-5.321928;-7.5714208260760625
P165A;-1.160964;-5.107632185245166
P165Q;-1.0;-5.776669386006688
P165S;-1.0;-5.683795163691684
P165L;-0.333333333;-3.4550117302205763
E166A;0.0;-2.4566112460161094
E166K;0.0;-5.5033667610550765
E166D;0.0;-3.0445313618838554
E166G;-0.666666667;-4.334093879326247
L167Q;-5.321928;-7.928616309756763
L167P;-5.321928;-7.490640040792641
L167M;0.0;-5.0849783325829785
L167V;0.0;-5.220425203209743
N168I;-4.821928;-8.969230271868582
N168Y;-5.321928;-8.61868458628669
N168K;-5.321928;-8.932911688294553
N168S;-1.0;-5.748126032587607
N168D;-3.321928;-7.060172531288117
E169K;0.0;-4.817467670754922
E169D;0.0;-3.1912363166775317
E169G;0.0;-4.5935401899478165
E169V;0.0;-4.794765764861951
A170S;0.0;-3.9193026915236264
A170T;-0.833333333;-6.530280222752482
A170G;0.0;-4.052253744797781
A170V;-1.045989714;-5.967897122522117
I171V;-0.25;-2.6812434373696306
I171M;0.0;-4.840484638523777
I171L;-0.166666667;0.20443654998962305
I171T;0.0;-2.7841302860470023
P172A;0.0;-4.74958432544463
P172Q;0.0;-6.599681471085205
P172S;-0.125;-5.475113769187374
P172L;0.0;-4.3058713026221085
N173S;0.25;-2.7554434076046164
N173Y;0.25;-4.777086948626675
N173K;0.333333333;-2.566363587000524
N173D;0.0;-1.8492544148757588
D174E;0.0;-6.1114809251739635
D174V;-3.821928;-9.42106729770967
E175K;0.0;-4.224175083931186
E175D;-3.160964;-4.272370753227733
E175V;0.5;-2.5108627805602737
R176H;-0.5;-6.846583223075867
R176C;-1.0;-8.842642208452162
D177A;-5.321928;-8.339356637115998
D177E;-5.321928;-9.604627949629503
D177G;-5.321928;-7.993149316684139
D177N;-4.321928;-5.787072719809657
D177V;-5.321928;-9.388544040361012
D177Y;-5.321928;-12.035234947521074
T178A;-3.321928;-8.696672390130516
T178I;-3.121928;-7.125511954803188
T178S;0.0;-5.331218642840213
T178P;-5.321928;-10.187806480475958
T178N;-3.321928;-9.596842103183915
T179A;-2.988594667;-5.608300018066075
T179K;-5.321928;-12.38896538789993
T179M;-5.321928;-7.764660363638541
T179P;-5.321928;-9.537584544967103
T179S;0.0;-2.2888976576214186
T179R;-5.321928;-11.961484754013044
M180I;0.0;-5.465241603644245
M180K;-0.25;-4.080995324275136
M180L;1.0;-4.845042869728786
M180T;0.0;0.40354327673776413
M180V;0.0;-3.8952263030250833
P181H;-5.321928;-12.494527025787589
P181S;-3.321928;-6.055516118904053
A182S;0.0;-2.2294719725614414
A182E;-1.0;-0.6632828739820981
A182T;0.0;-2.6775082134035983
A182G;1.0;-3.0364669877453707
A182V;0.0;-1.1082400067316485
A183S;0.0;-2.8735173199966084
A183E;0.0;-5.621625866919203
A183T;0.0;-5.027733620663638
A183V;0.0;-5.292463434583624
M184I;0.333333333;-2.9089952189679025
M184K;-5.321928;-8.238211223459075
M184V;0.0;-3.616099493287038
M184L;-0.8;-4.834860266227224
M184T;-3.821928;-5.267289617127972
A185T;-3.321928;-5.5728916979860506
T186A;-0.2;-0.7834206077022827
T186I;0.25;-3.6065271372353886
T186K;0.0;-0.4420316908584709
T186P;0.0;-8.528888546355574
T186S;0.0;-0.9975646609436808
T187A;-3.321928;-5.106190566497388
T187K;-5.321928;-11.957893631938417
T187M;-0.6;-6.206540547515032
T187S;-0.5;-3.746514443468186
L188M;0.0;-3.986299667447384
L188F;0.0;-6.906852351157795
R189H;0.0;-2.6706970534000902
R189C;-0.5;-7.720968191901647
R189G;0.0;-5.15882473620195
R189P;-5.321928;-9.289404659761203
K190I;0.0;-4.856175103239367
K190Q;0.0;-1.1333128503756598
K190E;-0.2;-2.2650119268764684
K190T;0.0;-2.453149121749448
K190N;0.0;-1.9300814803427784
L191P;-5.321928;-11.087001947941415
L191V;-0.5;-4.569004783311357
L192I;0.0;-4.469925974612124
L192S;-2.321928;-6.834113974284264
L192F;0.0;-5.088623973681934
T193A;0.0;-3.997386643575737
T193I;0.333333333;-4.477618887992321
T193S;-0.333333333;-4.680659181525698
T193N;0.0;-4.057657684519654
G194A;0.0;-4.3062833332514865
G194C;-0.333333333;-6.970804930977465
G194S;0.0;-2.62709634849125
G194D;0.0;-3.7736334588407767
E195K;0.0;-2.6179828477488627
E195D;0.0;-1.7985044086526614
E195G;-1.0;-3.0231431682768743
E195V;-2.321928;-6.1023956091084965
L196Q;0.0;-4.277178688702406
L196P;-1.0;-3.7286310933555455
L196V;0.0;-1.1436902257846668
L197H;-1.944234286;-9.504213146225084
L197P;-2.6552613330000003;-8.301745978262261
L197F;-2.321928;-7.731589006696595
T198A;-0.25;-4.376360278307402
T198I;-1.881285333;-7.251785114705854
T198S;0.0;-1.8896288961041137
T198P;-1.0;-4.3554779553596745
L199I;0.0;-3.7754938260441118
L199P;0.0;-0.7598799626164237
L199Q;0.166666667;-2.4434413327253424
A200S;0.0;-1.7692911535123135
A200V;0.0;-3.8948415703198407
A200D;-2.321928;-2.924504854774568
A200G;0.0;-3.3310685860633384
A200T;0.0;-1.7580817046655284
S201P;-3.571928;-8.38978030232829
S201C;0.0;-9.726081647926547
S201T;-1.0;-6.631785460020182
S201F;-3.321928;-8.635954290662541
R202Q;0.2;-1.4301053071394565
R202L;-1.440642667;-5.0919886810412445
R202W;-4.321928;-7.447041968203847
Q203H;0.0;-4.728963542613201
Q203R;0.166666667;-2.3834554617351387
Q203E;-1.160964;-3.6919114051852375
Q203L;0.0;-5.3512984068875085
Q204H;-0.666666667;-4.897387590557628
Q204R;-0.4;-4.336949673204798
Q204E;0.0;-6.066347797277558
L205I;-0.666666667;-5.1971548520887145
L205S;-5.321928;-10.080582405726089
I206K;0.0;-1.4750168477767147
I206V;-0.333333333;-2.8277822418021965
I206M;0.0;-2.000761923452956
I206L;0.0;-1.3453878603177143
I206T;-1.0;-1.8816642312449403
D207Y;0.0;-5.699417344410904
D207E;0.0;-1.828489981298844
D207G;-1.0;-3.105155762757932
D207V;-0.5;-5.295594302180688
W208C;-2.988594667;-8.781466101601836
W208R;-5.321928;-8.070941592603049
M209I;-5.321928;-7.688433712395637
M209L;0.0;-5.289724108035443
M209V;-5.321928;-9.020285412567318
E210D;0.0;-5.015000582483482
E210G;-0.5;-5.008873533617589
A211S;0.0;-3.7897286262586936
A211T;-1.0;-3.2920428845463903
A211G;-1.0;-2.6366281783266463
A211V;-1.0;-5.721549091984342
D212V;-2.988594667;-6.751944585441378
D212N;-1.660964;-4.0402641331602345
K213I;0.0;-5.167706450985861
K213T;-0.5;-3.6991469724162016
K213N;0.0;-4.200623530479788
V214A;-0.666666667;-7.592459298022733
V214D;-5.071928;-7.489504220196978
V214G;-2.321928;-8.297834365784183
V214F;-1.0;-7.6775363773886065
V214I;-1.0;-6.515007409645477
V214L;-1.0;-5.9547622071586375
A215E;-3.321928;-7.014438807841543
A215T;-1.660964;-4.023082521132892
A215V;-3.321928;-7.152492754656122
G216R;-1.0;-3.8195013112417655
G216E;-2.160964;-4.549722735451724
G216V;-2.321928;-5.685371858555301
P217A;-0.2;-3.577730025725032
P217S;-0.924658667;-5.0275697879405925
P217L;0.0;-7.016960867083981
L218I;-2.321928;-7.909647431210033
L218H;-3.321928;-8.228347920630767
L218V;-4.321928;-7.351274777611254
L218F;-4.321928;-7.686532729414465
L219Q;-3.321928;-10.93928359075585
L219P;-3.321928;-7.472544175638177
L219R;-3.321928;-10.93928359075585
L219M;0.0;-4.7545456508523785
L219V;-1.0;-4.618333092046669
R220S;-3.321928;-7.538994262591586
R220H;-3.446928;-7.028985084667513
R220C;-3.821928;-9.614141838850626
R220L;-4.321928;-8.07742396939284
S221A;0.0;-3.0779870222140744
S221P;-0.666666667;-5.454443972354057
S221L;0.0;-6.497295529348777
S221W;-1.0;-9.448228674998973
S221T;0.0;-6.202882312521979
A222T;0.0;-3.0397572023507564
A222V;0.125;0.44799546504327736
L223I;0.0;-3.5098883280152218
L223H;-4.571928;-7.2061304633971295
L223R;-2.321928;-7.3598400872724605
L223P;-4.821928;-7.951626121315713
L223F;-2.4575424;-4.486136965413606
P224Q;-1.107309333;-7.46236135461686
P224S;-5.321928;-6.030521330266764
P224L;-2.160964;-7.597089208964008
A225P;0.0;-2.3120061942754546
A225S;-1.0;-2.70463895580906
A225T;0.0;-1.6799104826204712
A225G;1.0;-3.0250481647817655
A225V;0.0;-3.87681801407598
G226S;0.0;-3.8780123681208347
G226D;0.0;-2.822660972204176
W227S;-5.321928;-6.990953030232049
W227R;-5.321928;-7.781565892561049
W227L;-5.321928;-6.756311110977548
W227G;-5.321928;-7.87340132232589
F228I;-1.0;-4.7219492395961415
F228S;-2.321928;-4.186363322034595
F228L;-1.881285333;-4.818390620421268
I229M;-1.0;-7.129140974568144
I229T;-4.821928;-6.824330818235468
I229V;-1.0;-5.321148530842038
A230D;-5.321928;-8.533120706764747
A230P;-5.321928;-8.615355554269629
A230S;-1.0;-7.123729857063153
A230T;-5.321928;-8.502279133317643
A230V;-1.991446;-7.587163945339853
D231V;-4.321928;-10.936891011926944
D231E;-3.821928;-7.296082863613265
D231N;-2.821928;-5.937233351083705
K232Q;-5.321928;-7.911470909155469
K232E;-5.321928;-8.95193680077864
S233Y;-5.321928;-6.545906251296401
S233P;-3.321928;-3.9853548452229006
S233C;-5.321928;-5.946399052787457
S233T;0.0;-0.2461613964551361
G234R;-5.321928;-11.245807675259245
G234E;-5.321928;-8.213535774346383
G234V;-5.321928;-9.715817790267579
A235S;-1.660964;-5.3281502996114805
A235V;-2.101606667;-9.277119192007378
A235D;-5.321928;-8.780272139731098
A235T;-2.321928;-5.820701658434699
G236A;0.0;-4.746062589514622
G236C;-3.321928;-6.326824162675622
G236D;-4.321928;-6.642320464503428
G236S;-2.321928;-4.1667538542533284
G236R;-5.321928;-8.899378091511608
G236V;-5.321928;-6.792132613598369
E237K;0.5;-2.9018034977780185
E237D;0.0;-2.602903149847407
E237V;-1.0;-4.750430214247898
R238C;-0.28571428600000004;-7.808781601532246
R238G;-0.5;-5.898743353929604
G239R;-5.321928;-7.702206005807966
G239E;-5.321928;-8.928977132225555
G239W;-5.321928;-9.83611900707183
G239V;-5.321928;-8.305413939902794
S240A;0.0;-3.646135116447113
S240Y;-5.321928;-7.9298492442969755
S240T;-1.0;-4.065643794994685
S240F;-4.321928;-8.228651608562359
R241H;-3.988594667;-6.810260519880103
R241C;-4.321928;-7.475859271049558
R241S;-3.321928;-6.4105912412060215
G242A;-0.5;-2.953104045618602
G242C;-0.666666667;-6.2786330949170415
G242S;-1.0643856000000005;-3.1252945202650158
G242D;-5.321928;-5.9684030959142556
I243N;-4.988594667;-4.773370669288852
I243T;-3.321928;-5.879732552886707
I243F;-2.321928;-7.468804576590627
I244V;0.25;-0.13865800961502828
I244N;-5.321928;-5.204899883552572
I244M;0.0;-4.4214366635478655
I244T;-1.220321333;-2.552998330735136
I244F;-3.821928;-5.1793550955626415
A245E;-5.321928;-8.330026803176223
A245G;-1.0;-3.909347449822235
A245V;-2.321928;-6.366025582043222
A246S;0.0;-8.191751620657671
A246T;0.0;-6.541157516421663
A246V;0.0;-2.5579884637154464
L247Q;-5.321928;-11.51347089491844
L247P;-5.321928;-11.509657013829385
L247R;-5.321928;-11.540209288330177
L247M;-0.25;-4.227453269275428
G248R;-5.321928;-3.8719583390884513
G248E;-5.321928;-5.814691005049099
G248W;-5.321928;-4.1095599879554365
P249A;-1.0;-4.5797636571533085
P249S;-0.5;-5.487938785445294
P249L;-1.881285333;-6.840077807835768
P249T;-1.0;-4.908450411450758
D250E;0.0;-3.3875668359323754
D250G;-0.333333333;-3.7439929310421576
D250H;1.0;-5.528314687508099
D250N;0.5;-3.6607823234262473
D250V;0.0;-4.908695436635753
D250Y;0.0;-6.263933630594693
G251C;0.0;-8.407414772150332
G251D;-3.321928;-2.664567616739077
G251V;-1.0;-6.262037507352942
K252M;0.333333333;-6.730631188052938
K252R;-0.428571429;-3.3472520596696995
K252E;0.0;-4.39619062350539
K252T;-1.0;-3.9087322080195017
K252N;0.0;-4.46683633491557
P253A;0.0;-2.4008651655021818
P253S;-0.333333333;-3.4809395499614766
P253R;0.0;-4.1284852160242735
P253L;0.0;-6.176048585039097
S254P;-0.5;-1.6595277477172203
S254T;-1.0;-2.7329613873116614
R255H;-1.7414459999999998;-6.142231989170455
R255C;-3.321928;-7.683930397847347
R255S;-1.881285333;-7.959965758755629
I256V;0.0;-3.0262619127461217
I256L;0.0;-2.5994996676636224
I256T;-4.321928;-5.430931870720997
I256N;-5.321928;-8.680696814812109
V257A;-1.0;-3.632936091235024
V257I;-0.25;-3.7913318097271262
V257E;-5.321928;-11.915518994957893
V257L;-1.0;-4.204966647455876
V258A;-5.321928;-2.6733767476398502
V258I;0.0;-4.5858131578679595
V258D;-5.321928;-11.281018940583296
V258F;-5.321928;-11.075368412372283
I259M;-1.0;-5.5324199633978415
I259T;-3.321928;-6.389196185540642
I259F;-1.0;-7.110923185464344
Y260H;-5.321928;-7.807569359507397
Y260S;-5.321928;-5.8663324067674685
Y260N;-5.321928;-8.738133501276934
Y260D;-5.321928;-9.282886346684789
Y260F;0.0;-3.0595534261228754
T261A;0.0;-3.4932543822287703
T261K;-5.321928;-6.386047939119635
T261R;-4.988594667;-5.098352462920957
T261M;0.181818182;0.39529317356937105
T261S;0.0;-1.4194916203414325
T262A;0.0;-5.456174727296458
T262S;0.0;-4.857594211702235
T262R;-1.0;-4.4126889171020585
T262M;0.0;-6.991292160484591
G263W;-3.321928;-6.648914833000162
G263V;-3.988594667;-5.197122866058635
S264I;-2.821928;-6.073246120616203
S264R;-2.521928;-4.484232682661968
S264T;0.0;-1.3282362723839471
S264G;-0.75;-3.1664406609015714
S264N;-1.0;-2.4136419770948123
Q265H;0.0;-2.3471292065623857
Q265R;0.0;-2.5102249381307047
Q265L;-0.25;-4.021504873384401
Q265P;0.0;-1.9537110420696988
A266S;0.0;-4.713835008056776
A266T;-0.5;-4.301009482180233
A266G;0.0;-5.3836782439175295
A266V;0.0;-4.1647186052687175
T267A;0.0;-3.9434347367860023
T267I;-1.0;-6.077115357235017
T267S;-0.333333333;-1.8073302733755556
M268I;-0.166666667;-2.9975787252697046
M268K;-1.660964;-4.872624888768768
M268V;-1.547952;-4.778453474966227
M268L;-0.5;-2.458350793021964
M268T;-0.666666667;-5.02839839851049
D269Y;0.0;-6.236608925129985
D269V;-0.5;-4.064334468654123
D269E;-0.25;-1.0526876550138695
D269G;0.0;-4.206683866876118
D269N;0.0;-2.4688661691070592
E270K;-0.5;-4.345796515277471
E270D;0.0;-3.493875940082944
E270G;-0.5;-5.060678712568915
E270V;-0.25;-4.729254656951525
R271Q;0.0;-2.982948747870978
R271G;-1.0;-5.303741444804473
N272I;-3.321928;-8.42150769494765
N272Y;-5.321928;-7.303843536421483
N272K;-5.321928;-6.96777724326239
R273I;0.0;-5.101581579370759
R273K;0.5;-0.37632167708943604
R273S;0.0;-2.7741114795499016
R273G;0.0;-2.112305167654995
Q274E;0.0;-4.998071086927666
Q274H;0.0;-3.697731635009404
Q274K;0.0;-3.6519394362112503
Q274L;-1.0;-2.1562076415430056
Q274P;-3.321928;-4.727094865764228
Q274R;0.0;-5.580236921538017
I275M;0.0;-5.539170766998723
I275T;-4.321928;-7.923472210932232
I275N;-5.321928;-7.71429441581131
A276T;-0.5;-5.258688719743077
E277A;0.0;-1.8697527960539448
E277K;-0.5;-2.726230315012799
E277G;0.0;-1.3788920100414543
E277V;-0.7602754290000001;-5.576224732580159
I278K;-5.321928;-11.894405317447651
I278V;0.0;-4.274457557039568
I278M;-1.0;-6.701488401455207
I278L;0.0;-2.516117383900564
I278T;-4.321928;-5.239121610059557
G279C;-1.0;-8.800488986133134
G279R;-5.321928;-12.981470935147225
G279S;-1.660964;-5.76141787708184
A280S;0.0;-3.522622104930633
A280T;0.0;-5.035433040742647
A280V;-0.166666667;-5.508947937232734
S281A;0.0;-1.8267329807804344
S281P;-3.321928;-10.252861280646131
S281T;0.0;-2.349827947618905
L282Q;-1.160964;-11.199641099414068
L282P;-5.321928;-11.168469343100979
L282V;0.0;-2.7322045656765117
I283V;-0.333333333;-2.6358067871333333
I283N;-4.321928;-7.006466128595092
I283T;0.0;-5.1933289588123435
I283F;0.0;-3.1513911507499865
